NBR_PRODUCT:50
CUSTOMER_HOLDING_COSTS:1.6756929074786826;1.0570414225307767;0.7373353987597506;1.2193972214317739;0.6376692223889967;1.281293533161597;1.5756975326065512;1.8696957304930808;1.3218619894933286;0.5239684907811076;1.2610753335402016;0.5034672046642512;1.62823947119481;1.3655739065301797;1.2444952906496933;1.2504484088232786;1.0423530440960773;1.4611676501287643;1.0189999617395302;1.5441050888036445;1.924301753233641;1.0405864151384676;0.7696905878938435;1.3223418023897362;1.1592151559512582;1.7794127327071187;1.619029716101314;0.7283826774047709;1.1375925096972193;1.5435643094489844;1.4784665425061736;0.515635213948618;1.6700670145219956;0.5567764895919822;1.6927407374250725;1.1332973713794006;0.5305185967459085;0.914760227232359;0.5416380051460723;1.8205440164133957;1.8639401856116657;0.5724541791260935;1.2455143101402708;1.4663260088479082;1.6910671028620643;0.961552403571493;1.9055728844595967;1.4991409184488071;0.6905098053531141;1.2543746532855904;
TRANSPORTER:
TRANSPORTER_CAPACITY:65.69747275156473
TRANSPORTER_DELIVERY_TIMES:101.7038223624763
TRANSPORTER_DELIVERY_COSTS:941.7980288787566
DUE_DATES:11021.577614868402;11508.870963311067;11083.364390731922;13286.093041901428;13066.206124552507;12299.443975218903;14788.194812966805;10339.552029604156;10029.987248562997;14903.478008226666;14380.027356161881;14019.386189827273;11722.499807975772;10861.793207101548;13725.812959289002;10683.581625835352;11432.971161189582;13862.576378664551;14817.98838277164;11872.506468453594;12627.363261152812;10030.663692799098;14942.308100197039;14159.41989372544;14192.502517664034;11209.782486593607;13139.103489630266;12238.004606212568;14983.936829169139;14378.468019955575;14910.452756322378;11017.033545328944;13224.241385665893;11810.100017956574;13837.662226719587;14508.883914073895;12182.287167692795;10400.976645092413;12079.117872204042;11158.96207858941;10541.519139383448;14747.573451604014;13617.986533095485;11967.206285991326;13936.586860917721;12055.10974206193;14622.405402753333;14300.682748308947;13302.70448751513;12804.271745116253;
VOLUMES:20.62290804696719;28.609359567781958;45.55858821032822;49.46464232717487;28.32967778526329;33.29195063954637;7.199631420434019;1.9867292908017307;30.27604382616062;26.388055710917083;43.328397411130716;11.68131890034403;36.3894300295252;3.087844819601029;12.754597973381875;39.232944426100964;38.78927567912484;32.275579694155;17.306549562791343;17.043251242091227;39.72579688751315;5.291919092080093;45.034341747432066;47.90912631012222;47.006100498009616;3.614907440984135;38.671560609574634;44.06470757222449;2.6563834818752343;15.405932147518955;3.4192768672914324;47.32893079604958;9.316030274660953;35.637397071571584;49.72241723594146;9.855168457693345;23.575274835372298;4.508146522955411;7.783865371848776;19.45315487061465;2.1526036998139078;42.060665978878404;48.10555055204867;3.6457440414383493;43.46145560138223;25.340855558449977;1.3585138539724877;25.534226288094786;18.737804761906656;49.08666974459986;
EOF
