NBR_PRODUCT:50
CUSTOMER_HOLDING_COSTS:1;1;1;1;1;1;1;1;1;1;1;1;1;1;1;1;1;1;1;1;1;1;1;1;1;1;1;1;1;1;1;1;1;1;1;1;1;1;1;1;1;1;1;1;1;1;1;1;1;1;
TRANSPORTER:
TRANSPORTER_CAPACITY:100
TRANSPORTER_DELIVERY_TIMES:61.78304273673297
TRANSPORTER_DELIVERY_COSTS:749.4673312617846
DUE_DATES:10485.951938050339;11538.42719984364;11791.714374896595;11424.972664372726;10094.880341369462;10406.411104948573;11507.766280291555;10263.356910826757;11189.902766996991;11808.26527739831;10815.492908387896;11170.498980043236;11825.43809479747;10260.630445151104;11851.291426627802;10170.225406810958;11743.00260516697;10404.962756130004;10469.17802701502;10194.047204200411;10321.002152553558;11935.039122294573;10465.903278602902;11231.795224840202;10185.201193423809;10419.25478397921;11905.8000975803;10241.153469284729;11307.688645833869;11097.975122621896;11858.537236629434;11498.890153230923;10689.73832760943;10863.155039748723;10974.27631220339;10297.29073778461;11179.040539585603;10441.894487499809;11619.561278613197;10797.498538256188;11614.358100160776;10307.549904651865;10783.595043477602;10447.17330497557;11320.740460019695;10031.475713382928;11638.38813691603;10653.080264486262;10996.004669397338;11665.422629343224;
VOLUMES:99;99;96;96;92;92;91;88;87;86;85;76;74;72;69;67;67;62;61;56;52;51;49;46;44;42;40;40;33;33;30;30;29;28;28;27;25;24;23;22;21;20;17;14;13;11;10;7;7;3
EOF

N=10
----
BBPv2 : 1s 403ms # BBPv1 : 1s 201ms
bestSolution = [[nbrBatch=10, evaluation=7581.139126040067, evaluationCustomer=86.46581342222089, evaluationTransporter=7494.673312617846
  bi=[4, 8, 9, 6, 1, 3, 7, 2, 5, 10]
  Ci=[10485.951938050339, 11538.42719984364, 11746.482234661577, 11414.861114370173, 10094.880341369462, 10406.411104948573, 11476.644157106906, 10263.356910826757, 11189.902766996991, 11808.26527739831]]

N=12
----
BBPv2 : 1m 14ms # BBPv1 : 1m 4s
bestSolution = [[nbrBatch=12, evaluation=9122.453044346614, evaluationCustomer=128.84506920519925, evaluationTransporter=8993.607975141414
  bi=[4, 10, 11, 8, 1, 3, 9, 2, 7, 12, 5, 6]
  Ci=[10485.951938050339, 11538.42719984364, 11746.482234661577, 11414.861114370173, 10094.880341369462, 10406.411104948573, 11476.644157106906, 10263.356910826757, 11189.902766996991, 11808.26527739831, 10815.492908387896, 11128.119724260257]]


N=20
----
bestSolution = [[nbrBatch=20, evaluation=16054.310857893326, evaluationCustomer=1064.964232657634, evaluationTransporter=14989.346625235692
  bi=[1, 2, 3, 4, 5, 6, 7, 8, 9, 10, 11, 12, 13, 14, 15, 16, 17, 18, 19, 20]
  Ci=[9991.687596156471, 10053.470638893205, 10115.253681629938, 10177.036724366671, 10238.819767103405, 10300.602809840138, 10362.385852576872, 10424.168895313605, 10485.951938050339, 10815.492908387896, 11128.119724260257, 11189.902766996991, 11414.861114370173, 11476.644157106906, 11538.42719984364, 11604.159255680868, 11665.942298417602, 11727.725341154335, 11789.508383891069, 11851.291426627802]]

N=25
----
???
