NBR_PRODUCT:50
CUSTOMER_HOLDING_COSTS:1.5428256475893904;1.537227126853094;1.4590852708826656;1.171305170922581;1.7080446310997996;1.251864559667757;1.9889171582242613;0.8343744756708229;0.9481926935896301;1.061495967983725;0.6081955932850661;0.7003719840978169;0.9726215222595265;0.9492326127756409;1.2834729269888896;0.7717167068136117;1.5651665466436817;1.6964394650207966;1.677528467457461;1.538826759794096;1.6152988009509934;1.3244934211625856;0.500817950409058;0.9761782192588548;1.0147603855112204;0.7974908364113498;0.8009246254864757;1.1198171352102095;1.451803594385985;1.167316548160152;1.0763789807608761;1.4279998077010303;1.3475554702914943;1.3556696293384773;0.5089302855551279;1.7726325111851993;1.1570576718798542;1.4214497204035819;1.531692064930539;1.9458040001880559;0.5011829405432437;1.4563414918423296;1.3895490380735052;1.9929489689017998;1.1049075093530094;1.6864934300637116;1.8028026775258912;0.5020520126622032;1.792321158591049;0.9338704054794096;
TRANSPORTER:
TRANSPORTER_CAPACITY:74.26893699098733
TRANSPORTER_DELIVERY_TIMES:133.58333566619834
TRANSPORTER_DELIVERY_COSTS:1691.1245956842874
DUE_DATES:14030.387039003519;11742.29588132759;11674.377179305993;11976.38305776901;13132.23879413561;13244.828099774486;13366.45963660447;10284.443355642088;10514.121773254443;12365.472540005458;13866.169839546976;11726.934632856133;13284.499953991524;13932.861534811695;14085.915362459269;12881.144757184778;11725.514686444547;10954.909847374884;12125.007643190333;13473.647597204272;13015.544915344264;13565.466580942943;12486.056859519982;10839.843239103851;14067.297277585389;12648.591227003642;13143.697011254812;10247.264746796682;12508.98257767057;12135.053095423418;12190.952403669913;11192.97255090544;14723.831354042373;14751.785410466833;10285.627378422101;13305.865457610491;10219.646134897845;13509.907282973185;12584.920948009902;13223.99532044594;12425.284672137182;10440.560592897735;14291.038449402778;10774.978456241086;12304.911795692085;10030.19215373976;12333.893441606546;13964.358212100862;12943.554849179045;12468.04311447977;
VOLUMES:4.959477186044851;14.043284683916639;24.218476167561782;14.12624033066665;48.163833231621844;46.51859767728092;26.31919902813856;14.358172695156675;20.768816214219704;29.47271292385414;35.19388600612508;33.95195686875034;5.874513309942591;39.53872916677496;16.97466057236185;7.487578025044781;1.4763334056887856;24.98713172380254;14.472102903887697;14.506108283875541;24.030270261821208;5.425646247007736;37.054515360456534;41.2820016608357;37.93160268347199;10.630371420111741;29.930562745023508;45.51599761899664;34.34024797216623;39.41329365368495;35.93690506401977;19.174580079732593;13.208797415007982;43.4713657893044;46.65224708422886;40.66381766540708;49.635901332808324;37.296081712352475;32.72261833532383;20.081082371357056;40.77798656908613;21.450040519703457;11.69000447263991;28.437564718852975;23.506431671158424;1.8382827948877125;9.36736577686042;10.487666422952074;29.79513448819812;32.017204911015355;
EOF
