NBR_PRODUCT:50
CUSTOMER_HOLDING_COSTS:1.5125961380526594;1.822587899001208;1.8552214873383217;1.7970262478629053;1.9773741188583513;1.7860940858723646;1.9227494640279235;1.9346689970172626;0.6577373155636652;1.4921652943586248;1.395427459557213;1.4262140797049676;1.3953959728945433;1.7822781629886153;0.8508934691086572;1.3625908052469282;1.8665567838539217;1.5846479402402576;1.830476129550711;1.1143524091704438;1.4614606974929623;1.6821776414667724;0.553058900976047;1.2705698923894626;1.7230192654301142;0.6282394520974635;1.6634535835063673;1.3508104053226102;1.271322962244274;1.4791272076191042;0.7396633269672916;0.8757861163097055;1.5211652815973742;1.3494205811015374;0.9215993588227253;1.4149752089618142;0.7707232455992772;1.3995291014944036;1.302624549619539;1.2778562959479554;1.9011552296770895;0.7333366176867098;1.1447290905083967;0.5793621453635773;0.9791240741648697;1.3181443590907578;1.0382043609449276;0.9897488607940325;1.9971235942473684;1.9390121833479044;
TRANSPORTER:
TRANSPORTER_CAPACITY:180.9121744201859
TRANSPORTER_DELIVERY_TIMES:146.76737422021415
TRANSPORTER_DELIVERY_COSTS:1413.670379520795
DUE_DATES:11607.957428058971;12833.170631028635;14069.759593060357;13945.484136782781;13953.327287760214;11308.895560833254;13877.9282632345;11407.428969248478;13989.697931695333;11955.656477228566;10374.22237173733;10833.483586164553;12967.820749415758;11019.81528725296;14360.725170787337;11906.995818333102;10878.965291975337;13867.955396394584;11784.30045600318;12600.572738557981;14121.318431160234;13140.63289080572;10805.53560675814;12552.060100581377;13733.060918016265;14941.334850479998;13607.564734838295;11357.060083309063;12539.747938768516;14314.763836104732;11353.434968350692;12604.862854971201;12615.376963251023;14906.264901687327;10236.80585325454;12731.734005888025;11727.034663798286;11800.654489402546;12825.662330790967;14981.324756227694;13922.270555352834;11113.90760706716;11872.346911717617;12946.53766670426;10126.357285516522;14955.103992191409;13455.606543453841;10320.503235303826;14543.348677553324;10888.730745089422;
VOLUMES:22.35585962280257;31.46510281103133;23.276668931271768;15.635370939208649;32.47624115557051;33.58682421015897;3.438946809278146;19.025589433296695;46.30084809521285;21.37313666577087;35.477238104818255;32.00222271365802;18.49638539560387;17.796268216495044;42.76445923030314;5.8862896206388795;31.778402496262803;9.479030923702851;29.675928200641675;38.559181580597;3.591055226359038;38.545796990603634;5.742351705405645;40.99812392237333;4.489139826469918;49.41108636802039;23.264896423040582;23.39933578355027;13.650466376270018;40.946779998280476;49.24277413010763;36.373333317071136;29.064817140595064;2.6418187388915735;35.253821180925925;36.1665783867377;18.657614079639902;18.384855922680806;44.81231797232482;41.677148808009775;25.91213555075932;30.360662022381398;18.70587528647628;13.189309591227747;7.453487409119754;37.2552220743984;27.884441065245483;44.25288227606529;12.550735942621625;6.512264125096079;
EOF
