NBR_PRODUCT:50
CUSTOMER_HOLDING_COSTS:1.479470291914833;1.0030003240757848;1.1727753132494638;0.8445488426265676;0.8889364330764491;1.280305300281805;1.0314972860303702;1.1701326088192858;1.9677328183279936;1.1265702984721464;1.4275370204108728;1.6938654781043774;1.8518755496841441;0.8943792990765814;0.7880658257518426;1.0867716193588461;1.8443528607979855;1.1856512714331444;1.3972311929281755;0.5997196348682408;1.5740483029527108;0.5785626666767367;1.7444966915180966;1.8799560227120613;0.8081138532519998;0.5566905354103214;0.5228685240833446;1.7804245038340738;0.5208957032450727;1.6999004232253148;1.8915871165784615;1.6410734643785505;1.8962477995368037;0.680390727906474;1.230654482391906;1.2318032760118804;1.4669219358885908;0.9193160083487026;1.9304871568140762;1.8352788603494403;1.0747048656205145;0.8995494154591706;1.2790262802374859;0.8145326816855155;1.2680777305069353;1.5984053262840479;1.2308052930637126;1.455107105101771;1.6404040605977181;0.8005303547149192;
TRANSPORTER:
TRANSPORTER_CAPACITY:156.63092975069384
TRANSPORTER_DELIVERY_TIMES:95.5308943769097
TRANSPORTER_DELIVERY_COSTS:601.253632264888
DUE_DATES:12780.262930988772;12813.684993318398;10258.350967368353;10345.140326911647;10158.434855250624;12417.170900858984;12220.87506898192;13302.193771542363;11905.370522484014;11076.37150418217;14566.363598134463;12642.526390936378;13486.632151025751;14492.473861188619;10070.31795309894;11068.302066780958;13400.84668269056;13729.228771961889;14003.569198639516;10241.616626805864;10815.341389419891;12799.577062250319;13148.38797467294;12189.248089546092;13485.272384494117;13340.08458675945;11694.080813921508;12092.013200378631;14193.400244423205;12150.619245285765;14507.52643889355;12428.059955690818;11862.70161785359;11971.43349305045;11111.0196222057;13581.028386841845;12502.79966963586;12808.28998693446;10130.451998376726;11009.361141859548;10253.73040810262;10398.495380393411;14001.276781896664;13902.149407198707;14986.854253002037;10036.683465799915;12337.864264562268;14919.750333241947;10212.760699490938;12948.91736559516;
VOLUMES:42.439238610479265;48.022682933504136;44.05722022844932;48.44540693554171;29.181290627875736;4.588401656688049;26.698019982477522;10.644649670538652;31.874145260036443;9.643871116963783;1.0258685886891756;43.680223747658886;39.34382493593018;15.54526990806632;13.229376003500304;5.656905453717665;27.2447163018607;49.20507166590552;39.76381795595792;20.176044197780246;45.79465731338244;24.241026436925644;27.120941910322035;4.133111211791171;24.763605819891325;24.930193356744596;26.902880622218188;26.81038399108467;28.429471578096663;9.160372548128962;38.54118530803681;9.065054148871576;15.586782659768238;16.966811355366517;23.23348033997008;34.79288288690867;33.03466272957526;29.85627907854306;30.370391896023364;28.94619355552562;41.28017680320058;2.9536547160828928;49.89439521442771;47.20235336176974;49.471419695594015;44.05790710563523;1.6698611525928633;23.9150525653409;42.821784386577114;4.964850970182385;
EOF
