NBR_PRODUCT:50
CUSTOMER_HOLDING_COSTS:0.5599094211828874;1.3293129935624175;1.2929039858690063;0.698922205447019;1.9071103529057127;1.136163707613913;1.1888802612155154;0.6997470761644147;0.5883368371025286;1.541267257677256;1.444640351103093;1.0647772503865087;1.9971596388317068;1.9689147558823072;1.6252417308420775;1.6872420780713022;0.9054557690340983;0.7152566694632979;0.7929374754679835;1.5968833493468444;1.582829816990553;1.518756666798063;1.7316815923281712;0.9271441018312612;1.3177051014698122;1.4351663762020204;1.7265104233417508;1.6925622066646981;1.4066285301964272;1.9574663823588188;0.9709351380037583;1.2706715335866103;0.5079223746392145;0.5140890709735482;0.8253831303209818;1.933396297510372;1.101031299631671;0.5622359103843344;1.0652535219533013;0.8642333595114018;1.1537526609375184;1.4672219425922917;1.4383040940015102;1.3294503799668134;1.9760032596919714;1.7235272217468722;1.2978643352203456;1.5440869241794533;1.130865280743614;0.8286053104406373;
TRANSPORTER:
TRANSPORTER_CAPACITY:178.8029546889116
TRANSPORTER_DELIVERY_TIMES:106.43582390040937
TRANSPORTER_DELIVERY_COSTS:1058.6541594018615
DUE_DATES:14657.475067484287;10639.819611063791;12019.562799962761;14196.018832533795;12706.884159657342;12282.809992328284;12476.367362160403;13531.505509459002;13698.84341254094;10819.082170978774;14249.274344779313;11254.511121586871;10260.516592876236;11010.762375477421;14536.98034403631;13792.684918001638;14543.558320195161;12405.726467385011;10607.165675046614;10719.454337287489;10985.559567853186;10456.395097203407;10697.533375168638;14193.5162406019;11881.251403683824;12862.799729434884;14098.905873126454;13860.255235780714;11565.9264083639;12710.200913754563;14115.904856728794;13533.904826029815;14666.858411855497;12398.300256916047;10613.436017236867;14890.4027427983;11500.570208944211;14004.59181395307;12338.645764906714;14030.772342492113;14284.620000754858;12588.658913824667;13158.212144980142;14123.495630919519;11392.148597550015;14027.230568239393;10769.775024764818;11401.727347528577;13405.746662272642;13271.567210456355;
VOLUMES:38.52368281893357;41.410160707332146;23.09182204855707;46.15316904910823;37.88494457633499;23.560691849051285;1.5365716810511179;46.12769619707311;34.42281072890301;13.86683564717618;37.43606958447538;13.641317575543022;21.643392498565998;40.02455829762189;26.285748423108327;42.13639621148938;16.461547448602815;38.61093886593092;21.50218942655105;19.988714243580038;33.56072323504404;29.896700254412814;41.7900097978294;2.93183896622087;16.849074632667264;46.04155500180446;43.432583596809714;22.790138028249512;22.32735305611342;3.401220366189885;17.842113255269503;48.109135448317666;25.685082142631153;31.66810789402873;27.752458123266152;27.936994484448192;4.286233032312484;41.154624986721714;12.329720032125614;27.769637819615767;6.8941075677920365;41.708678508009086;9.210906422291492;34.52460583915233;9.517355913025808;24.525392881324503;22.060155949537915;25.355023059155332;21.135027726532915;28.487205056910355;
EOF
