NBR_PRODUCT:50
CUSTOMER_HOLDING_COSTS:1.9573654736275978;1.598205657238588;1.3048435870161488;1.4831127466601293;1.9455450472133728;1.9842809303095428;1.2841730762755244;0.5799863148187332;0.7457988470664599;1.7395785549829514;1.8305519890395512;0.9321436317189207;0.8222764510254084;1.712483186825286;0.8391961536878069;1.949204271178072;1.105306569704227;1.7179792429236431;1.562569558325187;0.5489724764908528;0.7941467109016399;0.6843025464543837;1.0350247840159277;1.8390367422270575;1.3197018464310868;0.5889899024535294;0.6074017878952054;1.0784672351989282;1.9979275976216786;1.500564413361764;1.6591657591167017;1.477792282103157;1.2478962721922182;1.639263702560776;1.8754900713303415;1.656666405743396;1.9198892830060434;1.6705096477788643;0.8746382721672841;1.7929975641757285;1.7783929145301958;1.4482374336163777;1.9470743439601588;0.6647815669379871;0.5125095265879241;1.6317440196598754;1.2219293855528623;1.9064978026280062;1.8020592886412694;1.009384125223446;
TRANSPORTER:
TRANSPORTER_CAPACITY:57.219172018062196
TRANSPORTER_DELIVERY_TIMES:108.85090587245496
TRANSPORTER_DELIVERY_COSTS:600.9300770897054
DUE_DATES:14815.774418424402;13891.688506820683;13626.879498446635;13335.969994904684;14158.875217755012;10568.381267222314;10977.179513628498;11458.749117984327;10025.44539894024;10356.21998880784;12122.718544194431;12532.0972064699;11133.454337134393;13987.280731179053;14125.512630639516;14125.015182554525;13065.386705102088;13064.771364779228;10275.641238510208;10432.084531109856;12943.144181856529;11678.012265406365;12786.313946831504;14783.42742992602;11605.336669366645;12307.337215388103;12813.027431003171;14411.42677385874;10309.51429087039;12798.542516231071;13776.884366298877;11551.202954403612;11857.869660584016;11054.68514387576;14894.9974866589;13491.882400273413;11264.667392776388;12554.937387351689;12587.505027366205;13829.481016968639;13647.13090749895;12865.875010913276;13041.073316559769;12899.765721255284;11928.746541102808;12959.986216901978;14662.865139396432;12190.747238240192;14194.91993561087;14399.354984327267;
VOLUMES:28.24785714086039;32.2999902575165;8.857468014581933;45.25270219695259;5.218785044715111;40.31566574516445;47.1858045352564;20.289747136477388;43.447739716823364;14.397914992930726;37.904839427065326;24.40265626934581;9.824165771682136;8.167575465731858;8.871821307119962;43.99687652825841;34.62054803691899;7.015018413192167;26.514790365201215;39.98669052346487;43.56764731342643;3.1264181607719204;17.653258505660407;33.89344626322612;25.1411919899247;15.531806905638877;7.652749777654378;48.20236408902242;18.868576619844234;34.202457184915126;48.90783249388792;18.70324631137827;38.7659127753898;40.11286095663867;10.434341822346441;36.03744829563017;37.53623287246929;32.53899302746575;12.856423540357566;17.139326824716683;41.898955511947975;17.68975521682894;26.297650097909493;5.6949434425488;12.378694287258345;32.0624384825643;37.62782171877352;12.14409855346774;7.058269695566757;48.675738803417765;
EOF
