NBR_PRODUCT:50
CUSTOMER_HOLDING_COSTS:0.9670005941173487;1.099936382199499;1.8994046223409846;1.0264470046606666;1.9227627413047743;1.488701004500911;0.8627267897497203;1.7926941332720343;1.8311758289589144;1.4246292485332885;1.1057019616883457;1.4743655253499748;1.8662792432075686;0.7546773574583756;1.6573812588303851;1.3883159977828494;1.2226199718554183;0.9761888175516948;1.9189435613727357;0.8956852822206465;1.3791592134427269;1.4640416936053002;1.364709246123576;1.7699814068115385;1.4089509006367105;0.9115715172558654;0.5074693628497015;1.88975575913845;1.2930428804055152;1.8073668095691988;0.6546969576036366;1.101161815612926;0.6028122060189476;0.9297034078412978;1.8645294865041064;1.919418471960851;1.6488339178442766;0.7031762703268758;1.4708617702344022;1.5150554425334672;1.7563932167007756;1.3280051172665348;1.0854625093959993;1.6607980661667665;1.2178887143654828;1.8615340485748086;0.601726807777204;1.9980546112912276;1.1906352115022472;0.9036124533124341;
TRANSPORTER:
TRANSPORTER_CAPACITY:188.0224544101101
TRANSPORTER_DELIVERY_TIMES:188.48775498898385
TRANSPORTER_DELIVERY_COSTS:1737.794457661985
DUE_DATES:13663.255698015426;10264.88097848377;10679.34575881902;14699.561409693617;10730.666098124722;12643.277827525557;11954.679844169093;13589.151087548435;12360.978108819176;10665.94168316017;11914.053526489077;12870.493271737976;10453.664711689406;11179.623034784821;14323.483587523877;14215.65735618593;11605.333693558416;11867.568289131246;13363.59184054284;11507.860834280164;13113.53690294825;13444.964708013038;13081.740195332688;10309.761193601964;11641.048505326778;13787.735911601292;14414.228138770257;11616.70633993359;10957.69794957869;10012.602223325297;11090.654705298399;11647.721314273378;14927.816573194952;11269.483263745093;13530.399951976387;14842.047350341858;14006.084913093287;10344.23395365082;12482.783713844821;13737.837294151896;12943.044817798356;11100.371696383705;11647.806707221553;12012.153765506317;14183.76562986618;11312.86310975467;10843.487635036458;10657.701709884017;10569.131420775633;11565.206083957342;
VOLUMES:22.401460935999964;31.046416292832443;31.21756647933276;31.474516476369224;19.241924376337472;40.23154108290927;49.81134635852152;44.18349920978001;34.37510240952369;35.409968439114536;25.7718287880845;29.345234370235307;19.400231029338975;8.468963018693044;33.212169049517165;42.36824415833386;45.52304012035822;18.973542941781094;10.651877963870797;32.46912774855379;14.775469347841703;39.97049494570579;40.86985120944217;44.208389570660906;24.590745448568708;15.556729432980726;49.64339481619544;40.16997664242429;14.952563889914837;8.368419167323346;30.465502876429557;7.826250885333246;44.01383531370076;16.41009935502594;24.493783819934638;46.50216720970549;46.97598913536586;12.374335043468964;10.864283828364659;19.1932873325309;34.134081858231696;15.80273236482619;15.102139123367078;29.801797711583493;47.325943388587255;48.10806711912076;24.678318956613015;30.133022785348146;42.57539559825006;5.6149508287788255;
EOF
