NBR_PRODUCT:50
CUSTOMER_HOLDING_COSTS:1.354931570104598;0.9369791978161294;1.0310865685613273;1.6104218613685326;1.2932396296284994;1.550581228111175;1.1092855215616835;1.8095697004852729;1.23694041282028;1.2800585451727173;1.4993889570647068;1.758956289781609;0.5452896398252851;0.57966956284933;1.508814588264511;0.6270897456588121;1.3035824801548375;1.5682683698641373;0.9299475616863111;1.6711026870764427;1.9894448199126358;1.7540888449125382;1.3073812270888205;1.0434671233559154;1.1465383027560703;1.1363458297326097;1.566460410102705;1.576425253138521;1.166401786310449;1.884840714889216;0.7510677761450042;1.2148058810573685;0.6399926245912085;1.7728797143444717;1.7997454355229712;1.4998295740771617;1.6169557816613234;0.9035589975806886;1.7360215955512057;1.8790640997396262;0.5027381857349764;0.5248420473733342;1.8612145642556697;1.1308756948710166;1.7313815779112507;1.8748510278739645;1.016013103626705;1.8455298975017658;0.7751658194044704;1.0354143744624176;
TRANSPORTER:
TRANSPORTER_CAPACITY:97.55949229147642
TRANSPORTER_DELIVERY_TIMES:67.32691988092202
TRANSPORTER_DELIVERY_COSTS:1865.7705378882245
DUE_DATES:11387.488201442085;10292.09902946336;14352.720759259719;12898.160439571564;11409.658597344021;13959.898326891042;10651.72900675819;12508.935292604772;12447.794541316294;13198.869338897448;14346.751327228321;10497.785444539502;11490.685875712434;11435.866196796025;10149.683862574017;10762.468287296264;12375.765970691009;12684.124444142883;11499.067507245443;13658.294994048247;14386.13853649416;14098.146900964606;10412.400608317883;14751.367415359677;13816.968492150312;12010.6115118867;13091.247682199777;12413.563207521767;14870.339422422581;14125.098705819575;12250.06266043432;14650.352472057368;11828.496248796813;11402.695197373987;11089.837629598216;12901.159963871452;13014.965561924882;13263.535121440782;13256.63586355684;14619.373177879126;13581.363679623792;14026.101099908097;13012.759015860222;12225.22650372252;13654.775529185132;12027.614627316148;10204.750452747177;13529.674756642002;10846.404729501653;10608.09993609147;
VOLUMES:41.52574726162979;5.64168923140345;4.035690087230953;40.23684810212933;44.4290330883464;22.836652317248838;28.811553013865876;17.890405118023537;39.24665796351973;35.7066261272119;25.042260363769792;43.18660632344862;1.9046846022548976;34.362186801547985;11.411421411503992;14.62528712586437;2.237975798296609;45.06696357786422;11.963838324905785;20.903991858127803;28.337734349682965;40.74963339735399;36.28317634048094;23.717677367955343;27.024781993871148;39.5673748226634;17.78797312774891;26.380427469191478;46.01604922528051;13.485952738183592;25.827231326885368;34.437967580747575;15.040241724151151;1.0222804702945019;22.99219896555534;5.292312462985492;13.19084038745411;27.069713767773862;8.640016286636916;21.806160197050716;36.18060474698663;18.09450145766237;36.0477915594704;11.894707709937194;12.881455379127098;49.95373082510584;17.88225975120542;49.24632033821886;49.59708642148465;47.14076185707823;
EOF
