NBR_PRODUCT:50
CUSTOMER_HOLDING_COSTS:0.7627354412701568;1.6551733972939187;0.5280102289962789;1.0143573029327326;1.1692387974032377;0.6333485965352825;1.2161395556478993;1.7954554273045795;1.1674969298738158;1.5771008248372016;1.6880404207974762;1.8423575345806655;0.7195171883230163;0.6842449823461936;1.26037283580294;0.5829077784318446;1.566028006725357;0.5170105822108794;1.6137000257835206;1.1326618821911325;1.5178356049905681;0.7535922712093215;1.8068118008334837;0.580884104227661;1.0625182080966795;1.993078952853875;0.5922027632720643;1.944829201894819;1.3585553669996628;1.3903268684135268;1.1279958050925756;1.4065212849556876;1.3486590765456679;1.2796668422007147;1.5053335625052258;1.180128164318997;1.0868643470925397;0.9067843479003297;1.2871138089162701;1.9200420945017853;1.9398563816986183;0.9266855166610937;1.983927096367334;1.9699137562209192;1.0920542868995038;1.44236183575761;0.5761592799261772;0.9711485664101819;1.7561383080958834;1.5535900283332187;
TRANSPORTER:
TRANSPORTER_CAPACITY:177.90299729867252
TRANSPORTER_DELIVERY_TIMES:93.27683264174313
TRANSPORTER_DELIVERY_COSTS:604.0067141675452
DUE_DATES:10167.625819249633;11349.252253500996;14385.385550832689;14085.630431448488;10469.944434587407;14052.242261651145;10142.579837241863;13725.669229651205;11064.510318467272;11983.457535171885;11609.392811704269;11900.35226608372;14250.375465320334;11607.062381981377;10521.058033312736;12112.770887042108;12924.974367624596;10687.369552666674;10093.900542196412;10396.107087958459;13182.40095001407;14921.151777979001;14232.397917081895;10806.526511237378;10641.911379745117;14561.889812705216;14068.075713128686;13665.498402094323;14024.565949282556;14848.059619032232;11083.01336738754;10219.606330020333;11239.089114732991;11845.4158274914;11485.777774205202;14480.633576288976;13574.937248505455;12954.824743621384;13016.388365884011;12447.18836356832;12531.233180045849;13822.558189201009;12959.459966701133;10691.358680810295;11334.634740181105;10719.054195314704;14840.954509954858;10419.862083765353;14317.373718769271;14625.00904623067;
VOLUMES:22.501247576422774;4.478145077094826;22.11380800979541;39.879364576167056;29.865819524193157;21.885806072828768;43.114083421670784;42.70467894963091;10.528250929749058;3.024700446326481;2.9778844561973536;23.746578099457494;49.83600599421288;41.96725015616166;47.13422729597437;20.919868858246275;35.422807304526955;48.52644401874524;33.32446306894752;26.52951110349931;22.800251573543477;15.595684830187492;16.7303909926497;32.69971269113801;27.94813099853654;4.734009068162699;24.730457429367323;13.986476866954105;31.55992480193295;1.5889275466421608;4.825755466494633;41.56911185811319;43.86262372337769;21.910292498700255;9.14962318934912;45.31165814234085;23.66148572827496;10.788443677983823;28.81543957812465;8.099501033871142;25.46053195283657;14.348544403913994;28.166798460103397;34.189402967124536;8.178511475147207;41.45039237870618;26.772560103477765;42.86296380419981;2.1177999490428467;39.97913214714703;
EOF
