NBR_PRODUCT:50
CUSTOMER_HOLDING_COSTS:1.4414365089823753;1.8279131539959503;0.6075300399135497;0.6121790135062679;1.2411356433081515;1.761273806618329;1.1081021459845932;0.948103590680976;0.7686354897913024;0.6956186157653197;1.8493309649462655;0.9616394353913319;0.770159733375306;1.5955696752842081;1.191051365932181;1.4670861577099248;1.5093182596780865;1.9248978126472385;0.9636362750263554;1.5590923975028819;1.4852716899831304;1.5949884187512955;1.3119216584710993;0.6353856380243275;1.074677483950709;1.1763259432965654;1.5915531635095008;1.2976717493366077;1.8106292225597813;1.661770561221764;1.3275949286160071;1.3430605637215676;0.8433427195523899;1.7495979504969628;1.9908497551317168;1.339135933941783;1.6620112791862096;1.3715985815670326;0.5460667309259444;1.384674931638647;1.8950445698118108;1.0269819782543879;0.8780709470492152;1.0950334989529602;1.9468245917921274;1.3964048959835138;0.8068283040019719;0.6163514623997225;1.3731543741834673;1.2021425556593313;
TRANSPORTER:
TRANSPORTER_CAPACITY:164.07540637336695
TRANSPORTER_DELIVERY_TIMES:101.56347275496697
TRANSPORTER_DELIVERY_COSTS:792.7931559490532
DUE_DATES:11901.787179400322;13349.207286580382;14085.814961530119;11796.582739448206;12477.261911957827;12446.221784228332;12302.180634191944;14890.80117640939;14908.860142446221;12375.5160860897;14130.3569442788;11618.07500363043;10302.280919957548;12547.91775818624;11866.43741987274;14864.030311258215;11369.681960198192;13010.993184340059;14804.586731730706;10938.769745059397;11791.468609587357;14742.642682515165;10774.095225652582;13046.921856404117;11694.933346081642;12292.742634044775;10078.000329183302;11081.489248684866;11922.937224689873;13498.02307754484;14694.449220636849;11150.769509686852;14165.231466914121;10199.470867452268;11173.26888971926;14248.593768917082;12018.186429188141;12939.402871711254;12325.246754809821;11822.860049269197;14625.606349215705;11506.950353349877;10560.412845663941;11685.81019091988;14733.973705384891;11936.051633865842;14584.158576345875;10741.729085506608;11769.881517743777;14139.150396807569;
VOLUMES:41.33331563142923;48.610112453692146;14.336024077612885;49.110985516614136;1.6955407897016408;47.32354355656153;24.095657311076785;1.5261592048556882;21.708179383127572;15.243415804456042;19.62389166478444;42.61983771108974;44.87398068920802;7.209567901719162;48.50862856082598;40.89684599759195;44.855196189083706;43.20515326720153;45.34780896248275;5.8748941610130405;21.411263655657645;30.834521875051117;31.987405178371606;48.211297519751355;1.8381657692772928;26.838260991926685;5.657553185834928;3.435300553870711;3.9204026246988493;27.756194727190053;23.918652266205683;17.09069410358193;23.450498304444288;33.54153364814583;17.482593141831718;42.020107308581316;18.883621383204062;46.34051131476489;14.096338365743962;40.66792514510594;18.676376525446305;16.781698457664902;34.765903026816204;45.642984487862876;40.30898708546785;12.967849881394173;23.658345070854782;8.365272230695782;2.9090653233777175;33.93050376858168;
EOF
