NBR_PRODUCT:50
CUSTOMER_HOLDING_COSTS:1.402511737651635;0.9356106704372873;1.5559865754099607;1.0735991424057474;1.3600434745284147;0.5977413327998191;1.6030750357111718;1.8436652197685828;1.2272447493099785;1.7855780310034355;1.0463939384484555;1.7279130545518187;1.0203053329063814;1.6315799605451362;0.8518049895800248;1.5436723418934495;1.2851214260853754;1.8589007058338711;1.3672496178436186;1.5631803693330388;1.7406456267598391;1.631730342857345;0.7063215422790802;0.7892989811869702;1.9363007810670603;1.153867305284991;1.967474643264205;1.3690866414203495;1.0332759312973274;1.2780469915563162;0.7324246888444457;1.57157134144158;0.5065331619919167;0.5794729542184616;1.4508758701313953;1.1110506341995725;1.0794914960883446;0.7410386351510228;0.5604044431292385;1.9053506688923216;1.5466153789311758;0.6948967464426674;1.5101539458403455;0.6197063938713029;1.310522318615154;0.7653246068278399;1.7549469467343566;0.5612806030389096;1.4597353842137641;1.5612537332754577;
TRANSPORTER:
TRANSPORTER_CAPACITY:171.83296849926523
TRANSPORTER_DELIVERY_TIMES:89.29404502909216
TRANSPORTER_DELIVERY_COSTS:1898.5389136189096
DUE_DATES:14093.129787758082;10710.389033682362;11708.539750221646;13624.098375964117;14895.753920108391;10487.885819420017;12210.276930765218;12803.876632753376;11025.230341964801;13354.743068254877;13045.365399946291;13775.991460227415;10588.872420853937;13205.244194393168;14231.75347836049;11645.437111166677;11754.25726097352;10679.802646553466;14423.785956481077;12801.18064570758;12252.571796692086;14555.057804895738;10161.941578114394;11680.14762911517;10820.686420638787;14494.506505342075;11077.336044214993;12498.235042065673;12321.309124846892;13921.724781120378;13154.110638759441;12164.01899428666;11469.042842035175;14458.897426197043;13388.176533837093;11943.362999741516;10622.400683175078;14647.7895274839;10259.886544446621;12889.423483956998;14977.80669383164;10538.455390622796;10361.058382596266;13592.58771067777;13721.338943579016;14192.895760006128;12283.373697490015;13438.667447445918;13257.445820688507;13206.538766582158;
VOLUMES:2.590259746571244;17.41989847747936;37.535862372184496;31.571390461053085;35.226885773879374;43.73629387762298;38.95951220576747;36.675653220384795;34.62080085970663;36.640550857753745;15.096257375623072;15.70947293368768;36.540204392663284;39.71857123800871;43.3818272137007;38.65243248326268;9.147574383084342;23.85419314199852;20.124517523092134;27.12626105809304;12.660386322709508;34.09066080406703;15.94434123553266;21.90983317453142;3.4977617449221876;9.21754406557019;44.24533174602218;8.442791011429668;42.961844950114994;14.429028484764206;47.48708416862769;21.64270863893889;35.36695990710784;39.34969295410585;17.370252353976866;23.920287814916932;48.61260898014995;11.142814756491703;22.11809103895936;1.8054005669829503;19.498144512673658;12.303981177337361;26.82228750228993;35.09385989877381;36.59742669359373;31.099180027592904;6.326184528439893;11.89060957651276;17.25107219011541;16.431781485226786;
EOF
