NBR_PRODUCT:50
CUSTOMER_HOLDING_COSTS:0.6914882639797337;1.8250137400562076;0.9136982465807892;1.542754414607919;1.6190569204885719;0.5827452091102483;1.4824643654024787;0.7275984518680927;1.2762618939358026;1.9265240251646314;1.1749601480802971;1.0209948387633447;1.103701526787247;1.2324926434537113;1.3683554539947234;1.209206663235783;1.254032501070414;0.9699295335178455;1.7040426179291726;1.1028250168795988;1.5826537786768946;1.6460080248880633;0.8799949954698588;1.2130671473460535;0.916456990079251;1.4671779075395477;1.7851644474321038;0.5250154865347461;0.705516241628707;0.8893043286267639;1.9272263010144695;1.114882318675718;1.9843691353888493;0.9762567293674794;0.872071277224057;1.4887575772447512;1.656941623417584;1.3748249131256058;1.1961585623863837;0.5412918713134733;1.972198029042815;1.2426467208616478;1.2511827603618475;1.4443890848142549;0.6762485506995495;1.13526679528163;1.8544745406002463;1.5782280947833167;1.2109254295945613;1.6685033099131095;
TRANSPORTER:
TRANSPORTER_CAPACITY:100
TRANSPORTER_DELIVERY_TIMES:61.78304273673297
TRANSPORTER_DELIVERY_COSTS:749.4673312617846
DUE_DATES:10485.951938050339;11538.42719984364;11791.714374896595;11424.972664372726;10094.880341369462;10406.411104948573;11507.766280291555;10263.356910826757;11189.902766996991;11808.26527739831;10815.492908387896;11170.498980043236;11825.43809479747;10260.630445151104;11851.291426627802;10170.225406810958;11743.00260516697;10404.962756130004;10469.17802701502;10194.047204200411;10321.002152553558;11935.039122294573;10465.903278602902;11231.795224840202;10185.201193423809;10419.25478397921;11905.8000975803;10241.153469284729;11307.688645833869;11097.975122621896;11858.537236629434;11498.890153230923;10689.73832760943;10863.155039748723;10974.27631220339;10297.29073778461;11179.040539585603;10441.894487499809;11619.561278613197;10797.498538256188;11614.358100160776;10307.549904651865;10783.595043477602;10447.17330497557;11320.740460019695;10031.475713382928;11638.38813691603;10653.080264486262;10996.004669397338;11665.422629343224;
VOLUMES:99;99;96;96;92;92;91;88;87;86;85;76;74;72;69;67;67;62;61;56;52;51;49;46;44;42;40;40;33;33;30;30;29;28;28;27;25;24;23;22;21;20;17;14;13;11;10;7;7;3
EOF

N=10
----
BBPv2 : 1s 216ms # BBPv1 : 690ms
bestSolution = [[nbrBatch=10, evaluation=7597.738916841555, evaluationCustomer=103.06560422370893, evaluationTransporter=7494.673312617846
  bi=[1, 2, 3, 4, 5, 6, 7, 8, 9, 10]
  Ci=[10094.880341369462, 10263.356910826757, 10406.411104948573, 10485.951938050339, 11189.902766996991, 11414.861114370173, 11476.644157106906, 11538.42719984364, 11746.482234661577, 11808.26527739831]]

N=12
----
BBPv3 : 2ms # BBPv2 : 44s 181ms # BBPv1 : 1m 23s
bestSolution = [[nbrBatch=12, evaluation=9139.942580790175, evaluationCustomer=146.33460564876145, evaluationTransporter=8993.607975141414
  bi=[4, 10, 11, 8, 1, 3, 9, 2, 7, 12, 5, 6]
  Ci=[10485.951938050339, 11538.42719984364, 11746.482234661577, 11414.861114370173, 10094.880341369462, 10406.411104948573, 11476.644157106906, 10263.356910826757, 11189.902766996991, 11808.26527739831, 10815.492908387896, 11128.119724260257]]

