NBR_PRODUCT:50
CUSTOMER_HOLDING_COSTS:1.7889903958166018;1.5379571428870156;0.5415915989810196;1.8680052610845586;0.5878913571674522;0.5223802723768054;1.4568000907903809;1.4628923502165097;0.8200824113116673;0.6082338039612456;1.4380424742713251;1.6071295858075643;1.2644049253185625;1.6125837075244431;1.0790311736685707;1.7064776890740085;1.4955255117084272;0.8022184788137472;1.2502856951736845;1.2764797110379087;1.8372270461838036;0.6296997656361889;1.1456611498770715;1.2870786554950882;1.3203551767739474;1.9983489409568398;1.1956615710528418;1.4543913887533264;1.408130724823176;1.3734454941464627;1.032855836000538;1.338663375277041;0.8819094490627157;1.6443157277221974;1.082897656946387;1.3901424608164117;1.3014676696530343;1.9950174823432996;1.883459787026628;0.8829508526921372;0.8655115191803531;1.1599786016745508;1.9028266761161277;1.4909988432074472;0.8003558076596108;1.8252249991726714;1.439947228514994;1.5895735865646854;1.0975878355269684;0.5857357069181102;
TRANSPORTER:
TRANSPORTER_CAPACITY:161.5283709067932
TRANSPORTER_DELIVERY_TIMES:53.709446706732905
TRANSPORTER_DELIVERY_COSTS:1803.3796023172083
DUE_DATES:10249.856750116749;13586.175247601604;12779.124534626382;13041.140959159415;11399.005129967194;11493.866016060807;14242.816611833148;12667.061953168835;10590.664893913825;12055.587612317864;12578.615083572426;13825.16106219413;10082.212060351247;12902.267035014976;12692.575443822221;11211.980610487324;11398.071777529294;12602.267512974493;13394.523969032769;11143.941954393751;11650.3682180965;10266.63195346995;10087.80489841256;10118.947415585551;13753.889172276024;14896.075778875964;10253.107599269319;11915.126970260711;10211.115965700943;11426.975826559688;10213.15851848364;13506.728575647536;10694.827924856858;11571.29255348773;13701.19872907518;10824.22086468531;13426.29652546333;14151.813726238695;11511.04602601285;14101.497662397582;14336.344814035281;11709.29830181314;11980.178465797087;14237.64433015389;11204.55285553443;12702.04846281176;14249.654459382919;11254.046177717111;12398.649963238942;11631.129445437688;
VOLUMES:1.1973546726139057;4.265278271420748;20.97245851985922;26.604889234991482;28.49599719980383;22.149094903854795;12.115952403513788;48.843242620064046;6.4976296649691845;37.61040373966285;9.671206486546435;19.644368597000184;48.48660162477778;15.477519408968593;37.82385163930979;32.56550944310501;22.110989380428368;29.305445060114305;17.267295347333445;15.920016168804397;1.2435230537516093;44.614919662039306;32.04542894403454;21.641076050432567;20.972035776232886;42.07835968421392;44.79246659531394;7.187720755569376;1.53812569332662;27.35933226340553;25.36098634444025;20.993195689629733;30.660889853577412;43.98504030124024;18.119273008379416;19.92552246401539;31.8944937059497;10.147900184883744;26.582834692558087;42.54353068269265;21.47404366288831;48.692673350219415;25.522541223290155;9.588901803327921;23.503566525213632;2.749668570055786;38.26307515593666;1.1557033181482006;15.333162031071403;14.522422553511756;
EOF
