NBR_PRODUCT:50
CUSTOMER_HOLDING_COSTS:1.700989116128415;1.3075080015356637;1.0855352807768062;0.932244958849066;1.618309876054421;0.8330727273707;0.9499065739257638;0.8698238608531008;0.9290545798389668;0.9357558643773616;0.7521925291563394;1.4983325890609227;0.7294131721569996;1.7155939947670682;1.7587631760306053;0.650483196125015;1.1884961302156647;1.9726700933471528;1.8134040415770794;1.1146946427485105;1.409583729183623;1.8471002146305808;0.9887872366988991;1.467646977546445;0.6647765871640495;1.051266811563547;1.6498341548488695;0.6202751261004467;1.9588118669483812;0.535195093384532;0.8239434425885002;1.8436359999378706;0.8382597950614233;0.7028245138611147;0.8350695460305722;0.6070000973091986;1.9008880132255035;1.5269083346171124;1.048774046275659;1.3295628849047203;1.0766815089564918;1.0933785327300223;1.2936341484406069;1.6193383126539187;0.9468299042789892;1.2422453193747944;1.5707781381397181;1.7480899517324817;1.6399427426919462;0.5614546190791729;
TRANSPORTER:
TRANSPORTER_CAPACITY:95.1574794423542
TRANSPORTER_DELIVERY_TIMES:178.58351619646615
TRANSPORTER_DELIVERY_COSTS:719.8477034104789
DUE_DATES:10164.596595713814;13683.125170853124;11900.803304456264;13912.406977504183;10361.801742994712;12600.775261041948;10097.088418836085;10387.077310529228;13357.879651314926;11076.665155497607;11897.096479124548;14273.00488933738;10345.539173702291;10236.61136118057;10234.721983739802;13114.24062666921;14212.247003508015;12892.483460750625;12743.64555174644;11607.613855178553;13452.225397652091;10629.348446679864;10224.41619151482;10168.539962079267;11733.07600822872;14523.123222924729;12207.734474989078;11255.070356885853;11133.235370325316;14312.80310279507;14282.972168748875;11704.42365309083;14708.065959134652;12360.121137172126;11299.442168464784;13266.906162064897;11527.743856082725;11332.031889239188;12330.158725078554;11046.54114290521;14659.199537164288;13237.704798973838;12413.804323273234;10675.890454228038;14737.225809819967;12241.747016065916;12560.347218615447;14764.46797190093;13786.462859162833;14559.169542418953;
VOLUMES:6.110597228050224;14.907474708884548;31.40985488135679;10.729971411016857;23.79916872605382;17.553027949152877;15.061464349055399;47.02710615982149;25.446371601326174;12.592256630849814;25.002690165617047;42.25677963127527;14.038707658653745;30.432113264107258;34.84297558219898;42.17844019479505;12.205147617296662;46.93679939508334;39.235183440764565;49.057909708108006;8.72107281749986;22.565346785509472;14.131005268348927;26.225410133270028;23.055918584203432;43.23660723429455;18.711999066818407;39.531156004122565;33.249116607231116;27.616719766939777;30.31848167169442;49.13038193388771;46.278898367882455;20.364883063977434;28.8127793776884;33.229835455822545;7.6870733734252426;42.68287097521094;43.14633209581629;38.09675442423744;47.540353101888606;23.29205980427357;35.451912220352135;31.76898973007235;18.844864237504158;45.70875416072253;38.752718024497575;14.511444331063307;17.285412261399753;1.4044685800020669;
EOF
