NBR_PRODUCT:50
CUSTOMER_HOLDING_COSTS:1.0525355420498932;0.8488512719289111;1.0779081573864209;1.929831326902457;1.0173435128509727;0.9439940823037467;0.5274941057857823;1.2825088823551583;0.6742533529877623;0.843521003736839;1.6297649576412574;0.648859536275125;1.207311835891139;1.3810355291606842;1.9248028515449573;1.144417762730026;1.9972293689468492;1.954866071125494;1.0799403330194768;1.2422363099583045;0.5103634855220365;0.9626839652709196;1.5574261456925895;1.9417855549928766;1.031005193938892;1.0859286975589038;1.5629323309379588;0.8655177367942567;1.6451262516625191;0.5981888827912392;1.3371128636886938;1.3788763724463786;0.5863806964339804;1.9532306864596154;0.7816229286413567;1.3251347338584947;1.5859169976669183;1.1930331239125014;0.9183324734627405;0.9151795589671128;1.2264431631608406;1.7039824595587425;1.765916858061976;1.714210262603057;1.987998730275184;1.0402966137284415;1.8815812738480604;1.5223052518053775;1.1880252118386938;1.9277925848341657;
TRANSPORTER:
TRANSPORTER_CAPACITY:58.046916180774716
TRANSPORTER_DELIVERY_TIMES:153.82776229186712
TRANSPORTER_DELIVERY_COSTS:890.755389053186
DUE_DATES:10606.953883564833;10255.650221420185;10547.013241122626;11000.739115253515;11548.64460028524;13416.88354379804;14822.552189492202;11954.375725844298;12126.907074484698;13195.899152932687;14542.70877546128;14201.980174907047;13750.252267882972;13975.064970739222;11153.09491926851;13808.395576353241;12149.898144432758;11772.034792718343;14302.825437801235;11489.302588539003;13571.352151990315;14329.762845417426;11571.78324604271;11393.833837509761;14556.792474704693;13190.068482628762;14479.037561077203;14757.017086669792;10773.416467322566;10502.066363088928;14950.726778134935;10111.345531543602;11500.154503061312;10216.186963176935;13129.82406741547;14818.068431576412;14886.11954553957;13807.677551400904;13958.051297731723;11843.826999537872;14938.894899359875;14760.388901354927;11351.811423598214;10967.056694700655;14389.232824099337;13722.316332685768;10029.359353340622;14951.109272840033;13110.968631022046;12518.77603950314;
VOLUMES:32.8650789903742;14.187730733832336;17.21419106577933;38.71906045321289;4.855468674789954;11.98980826752874;14.288130536742662;48.47019233268626;29.210150483863334;46.493052623843234;14.338886923579116;34.50487044368735;14.775912574655093;20.02939356044463;3.0420775708285386;44.14273770744894;16.422606383019207;8.357910460386709;1.7014923885731565;40.810661958968055;43.914200562780955;19.235594254453655;17.451728701762235;28.11374851570909;23.8605816488377;25.487324672588443;17.51506284595594;8.684868728478772;14.112383633775334;2.726667768878196;12.639006026681729;48.61514924511607;9.169110266427468;29.42299952377809;2.033341311088119;9.921210972013217;7.5976048933391365;49.02318563568317;43.03661525461616;33.12700891440575;28.103409165855233;2.317482197286978;5.371904598255904;33.62894145184231;36.761821545364405;38.18952595310491;33.20031910012847;1.0724606682275921;9.998456463598105;48.30920441194985;
EOF
