NBR_PRODUCT:50
CUSTOMER_HOLDING_COSTS:1.5600658452452856;1.5341849404263699;1.8982809363186055;0.8011684550658551;0.5096878434136357;0.8850730111799291;1.1759705569985108;1.3085782232463388;1.4507197733515695;1.13538090436339;1.8549726240084248;1.0693050701667761;0.9336097865833741;1.6306068326906462;1.2677745538941236;1.6341884994759495;0.634226200036702;1.2859267881426404;1.0300790724116555;1.8447569861375857;1.5917880215520004;0.5120204441583602;1.2331507820082643;1.087418723847264;1.5377145654087292;1.9683307502355205;0.5970538366055795;0.5509057808716181;1.0952552466670948;1.4659776178237347;1.3604921992912316;0.8382444517377108;1.4222420302381193;1.2951821309919356;1.0145059048793144;1.463723278721451;0.6149116675444419;1.0328193052518972;1.5219458435170699;1.0226550959306198;1.3894753061661496;1.4946048313417402;1.9024418673365076;1.657178083610646;1.2099693059801204;1.9334321531362137;0.503497047673977;1.8549153792386694;1.1359007473615157;0.8505136352876732;
TRANSPORTER:
TRANSPORTER_CAPACITY:120.2874082980704
TRANSPORTER_DELIVERY_TIMES:78.57895233140218
TRANSPORTER_DELIVERY_COSTS:1254.8928803389172
DUE_DATES:10599.697107115084;11496.231751909598;14131.234280797533;14679.218968819034;13260.787357222001;10941.364714523037;11303.132843994712;10335.687768875823;10841.409849311996;10573.024713792915;10009.916219142357;10542.109316744149;12055.24349558894;12075.272555430405;10382.563147014756;14949.100423173182;11102.623444954339;12424.698278746135;12051.902185555235;13785.594087764573;13223.722882858145;13300.311725622523;14679.222764514467;13720.672586833916;11007.946661784108;14897.218706590582;14779.520398486016;14842.978315714054;11718.172815380514;10771.12919618585;13385.562912135912;10357.890380952622;10366.016707439918;13997.967887002073;13500.37989086245;14806.75993875554;13845.58378668019;10933.835433909493;14278.938857353933;10660.344647067242;13098.213134497346;12205.29389771709;10466.690512441333;12030.187017501154;13039.506306913261;11248.428211599421;10803.323289830014;12977.032340115691;13832.47156883009;13747.360685390995;
VOLUMES:39.174464901570765;19.575693460793076;20.231800019795756;21.433522181287984;23.179536960463118;29.83206354762345;44.53320557097633;9.56529666999768;25.458517762028833;49.705598232366604;45.08458579588007;42.65645542294894;32.977042104106886;21.035786793144386;5.959493860908744;37.295095330666555;16.377948928795018;44.39381031271903;5.699189540504502;36.40677861152668;11.494085777013328;13.330538433865948;14.58857476833545;40.11462794291854;17.660878932884803;9.731147581099716;22.25021693960961;8.921718590437425;15.930964201786155;33.74801613844966;28.942391935401215;31.701591455572526;46.47767581715265;41.49155012034578;30.99106476235971;48.67508331378706;41.62758597139823;23.585353583699252;40.29839269228293;34.962775958626075;18.084291614760712;24.837677023001987;36.85180359150447;38.43230891596616;5.996511826944877;11.645300965274364;2.60787509931591;22.408353766945773;45.58309766916347;25.329069445571992;
EOF
