NBR_BATCH=10
BATCH_INDICES:4;8;9;6;1;3;7;2;5;10
COMPLETION_TIMES:10485.951938050339;11538.42719984364;11746.482234661577;11414.861114370173;10094.880341369462;10406.411104948573;11476.644157106906;10263.356910826757;11189.902766996991;11808.26527739831
EOF

