NBR_PRODUCT:50
CUSTOMER_HOLDING_COSTS:0.7965979857397567;0.7726809208063639;1.5260377246192416;0.7227947852722761;0.5135593478610703;1.9074504465498228;0.6958677509964798;0.5360234091358467;1.7351485617761713;0.7752725828163685;1.988024837596382;1.883507000216154;0.6737365552487735;1.6041696135277284;0.8673167736660636;1.7667884575515396;0.8835242036408377;1.2250689282409226;1.0125069961324824;1.8196058226990162;0.8946940787474279;1.1537679703752617;0.9078732061771809;1.322287248345393;1.8380172004740951;1.4535803146024047;1.4729275280589007;1.9285060066212092;0.7264952806261309;0.9938518499293932;1.4552281446937099;0.811136698232836;1.4780987649832533;1.7971713811116121;0.7677554475591974;0.7381533314755957;1.1342672181686133;0.5738640263881062;0.6119931507376597;1.4718337405659045;0.5525684839714087;0.7762398222527926;0.5906482837889315;1.3449848277830798;0.628768581052928;1.5670840490491322;0.5798616851554912;1.4064764379151105;0.833544946266427;0.9870109792025943;
TRANSPORTER:
TRANSPORTER_CAPACITY:61.263024274709025
TRANSPORTER_DELIVERY_TIMES:79.17708882764998
TRANSPORTER_DELIVERY_COSTS:1374.6555780218478
DUE_DATES:10238.392282147996;14784.180085067559;11726.418222954711;12566.626348295733;10857.139552079125;14389.318792794415;13873.087163615242;14818.211802910557;10329.597657703183;12526.570305406338;10300.089064888978;12740.984189179044;13772.546293486768;13941.361472631217;14683.586770478549;10252.296210135704;14594.257422170434;14035.354988690584;12670.737970740793;14430.170159663263;10003.7701320167;12724.314398846045;12290.105734435476;10107.163844070654;10961.67934862492;14402.637071004041;11234.536122684463;14022.975931057701;11557.638372844522;12555.66143647769;12166.254393203666;13925.042532937538;11027.31195873354;14968.082929452972;10343.342024323094;10960.47898203994;10942.807176079368;10227.788355919207;14609.923421333406;11500.570194794063;10525.649001363145;13319.146115207279;13129.30432455892;12180.617942725854;14540.155629644574;12538.265683013884;14169.967344547364;14423.300863999571;10827.60690932675;11744.965757509832;
VOLUMES:28.10262533130269;10.780247399346644;38.55834140090438;26.114288951303514;30.952115590526304;44.90439722389163;29.330977689675294;22.463843679372182;23.55090537771576;40.72873139406208;12.0172581769231;49.572615367313254;46.55748255659614;45.26237446053732;21.647284067185854;14.356143376564143;25.94093189639027;34.99551175172103;34.19155009018213;4.730780414907051;46.411771026797005;5.174245824240077;12.476966388051284;19.196319552819173;19.254864167448545;28.466017199540634;17.933416240791047;29.653773961723267;34.17447688409488;35.93254252785261;44.439598008256965;48.76443231522139;5.696140444576856;39.68524966173828;11.330874454681304;42.59868496328906;7.573273800598225;19.27492993568834;4.894547906360505;3.4842635997061002;6.518610107612832;24.7628467594301;18.409395474949488;2.843425877329465;45.4212893325272;14.534789710725967;49.98652977808457;49.40721634774005;25.02003225240153;4.252577515526212;
EOF
